       id              sex              age             hiv       
 Min.   :  1.00   Min.   :0.0000   Min.   :15.00   Min.   :0.000  
 1st Qu.: 25.75   1st Qu.:0.0000   1st Qu.:16.28   1st Qu.:0.000  
 Median : 50.50   Median :1.0000   Median :17.50   Median :0.000  
 Mean   : 50.50   Mean   :0.5026   Mean   :17.52   Mean   :0.115  
 3rd Qu.: 75.25   3rd Qu.:1.0000   3rd Qu.:18.77   3rd Qu.:0.000  
 Max.   :100.00   Max.   :1.0000   Max.   :20.00   Max.   :5.000  
[1] 2015.003 1030.000    0.103
[1] 2015.0055 1033.0000    0.1033
[1] 2015.0082 1035.0000    0.1035
[1] 2015.0110 1037.0000    0.1037
[1] 2015.0137 1041.0000    0.1041
[1] 2015.0164 1042.0000    0.1042
[1] 2015.0192 1044.0000    0.1044
[1] 2015.0219 1046.0000    0.1046
[1] 2015.0247 1048.0000    0.1048
[1] 2015.0274 1049.0000    0.1049
[1] 2015.030 1050.000    0.105
[1] 2015.0329 1051.0000    0.1051
[1] 2015.0356 1054.0000    0.1054
[1] 2015.0384 1055.0000    0.1055
[1] 2015.0411 1056.0000    0.1056
[1] 2015.0438 1058.0000    0.1058
[1] 2015.0466 1059.0000    0.1059
[1] 2015.0493 1063.0000    0.1063
[1] 2015.0521 1064.0000    0.1064
[1] 2015.0548 1066.0000    0.1066
[1] 2015.0575 1069.0000    0.1069
[1] 2015.0603 1071.0000    0.1071
[1] 2015.0630 1073.0000    0.1073
[1] 2015.0658 1076.0000    0.1076
[1] 2015.0685 1078.0000    0.1078
[1] 2015.071 1080.000    0.108
[1] 2015.0740 1082.0000    0.1082
[1] 2015.0767 1084.0000    0.1084
[1] 2015.0795 1084.0000    0.1084
[1] 2015.0822 1085.0000    0.1085
[1] 2015.0849 1086.0000    0.1086
[1] 2015.0877 1086.0000    0.1086
[1] 2015.0904 1087.0000    0.1087
[1] 2015.0932 1088.0000    0.1088
[1] 2015.096 1090.000    0.109
[1] 2015.0986 1091.0000    0.1091
[1] 2015.1014 1093.0000    0.1093
[1] 2015.1041 1096.0000    0.1096
[1] 2015.1068 1096.0000    0.1096
[1] 2015.1096 1098.0000    0.1098
[1] 2015.1123 1099.0000    0.1099
[1] 2015.115 1100.000    0.110
[1] 2015.1178 1104.0000    0.1104
[1] 2015.1205 1105.0000    0.1105
[1] 2015.1233 1107.0000    0.1107
[1] 2015.1260 1107.0000    0.1107
[1] 2015.1288 1108.0000    0.1108
[1] 2015.1315 1111.0000    0.1111
[1] 2015.1342 1115.0000    0.1115
[1] 2015.1370 1117.0000    0.1117
[1] 2015.1397 1117.0000    0.1117
[1] 2015.1425 1119.0000    0.1119
[1] 2015.1452 1123.0000    0.1123
[1] 2015.1479 1126.0000    0.1126
[1] 2015.1507 1127.0000    0.1127
[1] 2015.153 1130.000    0.113
[1] 2015.1562 1131.0000    0.1131
[1] 2015.1589 1132.0000    0.1132
[1] 2015.1616 1133.0000    0.1133
[1] 2015.1644 1136.0000    0.1136
[1] 2015.1671 1137.0000    0.1137
[1] 2015.1699 1141.0000    0.1141
[1] 2015.1726 1142.0000    0.1142
[1] 2015.1753 1145.0000    0.1145
[1] 2015.1781 1145.0000    0.1145
[1] 2015.1808 1149.0000    0.1149
[1] 2015.1836 1151.0000    0.1151
[1] 2015.1863 1151.0000    0.1151
[1] 2015.1890 1154.0000    0.1154
[1] 2015.192 1160.000    0.116
[1] 2015.1945 1162.0000    0.1162
[1] 2015.1973 1162.0000    0.1162
[1] 2015.2000 1166.0000    0.1166
[1] 2015.2027 1167.0000    0.1167
[1] 2015.2055 1169.0000    0.1169
[1] 2015.2082 1172.0000    0.1172
[1] 2015.2110 1175.0000    0.1175
[1] 2015.2137 1181.0000    0.1181
[1] 2015.2164 1183.0000    0.1183
[1] 2015.2192 1187.0000    0.1187
[1] 2015.2219 1192.0000    0.1192
[1] 2015.2247 1194.0000    0.1194
[1] 2015.2274 1197.0000    0.1197
[1] 2015.2301 1199.0000    0.1199
[1] 2015.233 1200.000    0.120
[1] 2015.2356 1201.0000    0.1201
[1] 2015.2384 1202.0000    0.1202
[1] 2015.2411 1207.0000    0.1207
[1] 2015.2438 1211.0000    0.1211
[1] 2015.2466 1213.0000    0.1213
[1] 2015.2493 1215.0000    0.1215
[1] 2015.2521 1218.0000    0.1218
[1] 2015.2548 1222.0000    0.1222
[1] 2015.2575 1222.0000    0.1222
[1] 2015.2603 1224.0000    0.1224
[1] 2015.2630 1228.0000    0.1228
[1] 2015.2658 1229.0000    0.1229
[1] 2015.2685 1231.0000    0.1231
[1] 2015.2712 1231.0000    0.1231
[1] 2015.2740 1233.0000    0.1233
[1] 2015.2767 1237.0000    0.1237
[1] 2015.2795 1238.0000    0.1238
[1] 2015.2822 1241.0000    0.1241
[1] 2015.2849 1243.0000    0.1243
[1] 2015.2877 1247.0000    0.1247
[1] 2015.2904 1252.0000    0.1252
[1] 2015.2932 1255.0000    0.1255
[1] 2015.2959 1259.0000    0.1259
[1] 2015.299 1260.000    0.126
[1] 2015.301 1260.000    0.126
[1] 2015.3041 1261.0000    0.1261
[1] 2015.3068 1262.0000    0.1262
[1] 2015.3096 1264.0000    0.1264
[1] 2015.3123 1266.0000    0.1266
[1] 2015.3151 1268.0000    0.1268
[1] 2015.3178 1273.0000    0.1273
[1] 2015.3205 1274.0000    0.1274
[1] 2015.3233 1275.0000    0.1275
[1] 2015.3260 1276.0000    0.1276
[1] 2015.3288 1281.0000    0.1281
[1] 2015.3315 1282.0000    0.1282
[1] 2015.3342 1285.0000    0.1285
[1] 2015.3370 1286.0000    0.1286
[1] 2015.3397 1287.0000    0.1287
[1] 2015.3425 1288.0000    0.1288
[1] 2015.3452 1291.0000    0.1291
[1] 2015.3479 1293.0000    0.1293
[1] 2015.3507 1294.0000    0.1294
[1] 2015.3534 1296.0000    0.1296
[1] 2015.3562 1299.0000    0.1299
[1] 2015.3589 1299.0000    0.1299
[1] 2015.3616 1299.0000    0.1299
[1] 2015.3644 1301.0000    0.1301
[1] 2015.3671 1303.0000    0.1303
[1] 2015.3699 1306.0000    0.1306
[1] 2015.3726 1307.0000    0.1307
[1] 2015.3753 1308.0000    0.1308
[1] 2015.378 1310.000    0.131
[1] 2015.3808 1312.0000    0.1312
[1] 2015.3836 1312.0000    0.1312
[1] 2015.3863 1315.0000    0.1315
[1] 2015.3890 1316.0000    0.1316
[1] 2015.3918 1322.0000    0.1322
[1] 2015.3945 1325.0000    0.1325
[1] 2015.3973 1326.0000    0.1326
[1] 2015.4000 1328.0000    0.1328
[1] 2015.403 1330.000    0.133
[1] 2015.4055 1332.0000    0.1332
[1] 2015.4082 1338.0000    0.1338
[1] 2015.4110 1342.0000    0.1342
[1] 2015.4137 1345.0000    0.1345
[1] 2015.4164 1349.0000    0.1349
[1] 2015.4192 1351.0000    0.1351
[1] 2015.4219 1356.0000    0.1356
[1] 2015.4247 1356.0000    0.1356
[1] 2015.4274 1362.0000    0.1362
[1] 2015.4301 1364.0000    0.1364
[1] 2015.4329 1367.0000    0.1367
[1] 2015.4356 1369.0000    0.1369
[1] 2015.4384 1371.0000    0.1371
[1] 2015.4411 1372.0000    0.1372
[1] 2015.4438 1376.0000    0.1376
[1] 2015.4466 1378.0000    0.1378
[1] 2015.4493 1382.0000    0.1382
[1] 2015.4521 1383.0000    0.1383
[1] 2015.4548 1385.0000    0.1385
[1] 2015.4575 1387.0000    0.1387
[1] 2015.4603 1391.0000    0.1391
[1] 2015.4630 1394.0000    0.1394
[1] 2015.4658 1397.0000    0.1397
[1] 2015.4685 1401.0000    0.1401
[1] 2015.4712 1404.0000    0.1404
[1] 2015.4740 1406.0000    0.1406
[1] 2015.4767 1408.0000    0.1408
[1] 2015.4795 1411.0000    0.1411
[1] 2015.4822 1415.0000    0.1415
[1] 2015.4849 1415.0000    0.1415
[1] 2015.4877 1417.0000    0.1417
[1] 2015.4904 1419.0000    0.1419
[1] 2015.4932 1419.0000    0.1419
[1] 2015.4959 1422.0000    0.1422
[1] 2015.4986 1424.0000    0.1424
[1] 2015.5014 1426.0000    0.1426
[1] 2015.504 1430.000    0.143
[1] 2015.5068 1433.0000    0.1433
[1] 2015.5096 1434.0000    0.1434
[1] 2015.5123 1436.0000    0.1436
[1] 2015.5151 1441.0000    0.1441
[1] 2015.5178 1446.0000    0.1446
[1] 2015.5205 1448.0000    0.1448
[1] 2015.5233 1448.0000    0.1448
[1] 2015.5260 1449.0000    0.1449
[1] 2015.5288 1451.0000    0.1451
[1] 2015.5315 1452.0000    0.1452
[1] 2015.5342 1459.0000    0.1459
[1] 2015.5370 1463.0000    0.1463
[1] 2015.5397 1468.0000    0.1468
[1] 2015.5425 1474.0000    0.1474
[1] 2015.5452 1477.0000    0.1477
[1] 2015.5479 1482.0000    0.1482
[1] 2015.5507 1482.0000    0.1482
[1] 2015.553 1490.000    0.149
[1] 2015.5562 1491.0000    0.1491
[1] 2015.5589 1497.0000    0.1497
[1] 2015.5616 1498.0000    0.1498
[1] 2015.564 1500.000    0.150
[1] 2015.5671 1504.0000    0.1504
[1] 2015.5699 1504.0000    0.1504
[1] 2015.5726 1509.0000    0.1509
[1] 2015.5753 1511.0000    0.1511
[1] 2015.5781 1516.0000    0.1516
[1] 2015.5808 1517.0000    0.1517
[1] 2015.5836 1519.0000    0.1519
[1] 2015.5863 1524.0000    0.1524
[1] 2015.5890 1528.0000    0.1528
[1] 2015.5918 1533.0000    0.1533
[1] 2015.5945 1535.0000    0.1535
[1] 2015.5973 1538.0000    0.1538
[1] 2015.6000 1542.0000    0.1542
[1] 2015.6027 1546.0000    0.1546
[1] 2015.6055 1547.0000    0.1547
[1] 2015.6082 1551.0000    0.1551
[1] 2015.6110 1555.0000    0.1555
[1] 2015.6137 1558.0000    0.1558
[1] 2015.6164 1565.0000    0.1565
[1] 2015.6192 1569.0000    0.1569
[1] 2015.622 1570.000    0.157
[1] 2015.6247 1572.0000    0.1572
[1] 2015.6274 1574.0000    0.1574
[1] 2015.6301 1576.0000    0.1576
[1] 2015.6329 1578.0000    0.1578
[1] 2015.6356 1581.0000    0.1581
[1] 2015.6384 1585.0000    0.1585
[1] 2015.6411 1587.0000    0.1587
[1] 2015.6438 1592.0000    0.1592
[1] 2015.6466 1593.0000    0.1593
[1] 2015.6493 1595.0000    0.1595
[1] 2015.6521 1599.0000    0.1599
[1] 2015.6548 1605.0000    0.1605
[1] 2015.658 1610.000    0.161
[1] 2015.6603 1613.0000    0.1613
[1] 2015.6630 1617.0000    0.1617
[1] 2015.6658 1619.0000    0.1619
[1] 2015.6685 1622.0000    0.1622
[1] 2015.6712 1624.0000    0.1624
[1] 2015.6740 1633.0000    0.1633
[1] 2015.677 1640.000    0.164
[1] 2015.6795 1642.0000    0.1642
[1] 2015.6822 1646.0000    0.1646
[1] 2015.6849 1647.0000    0.1647
[1] 2015.6877 1648.0000    0.1648
[1] 2015.6904 1656.0000    0.1656
[1] 2015.6932 1659.0000    0.1659
[1] 2015.6959 1664.0000    0.1664
[1] 2015.6986 1668.0000    0.1668
[1] 2015.7014 1671.0000    0.1671
[1] 2015.7041 1673.0000    0.1673
[1] 2015.7068 1679.0000    0.1679
[1] 2015.7096 1681.0000    0.1681
[1] 2015.7123 1685.0000    0.1685
[1] 2015.7151 1687.0000    0.1687
[1] 2015.7178 1688.0000    0.1688
[1] 2015.7205 1692.0000    0.1692
[1] 2015.7233 1697.0000    0.1697
[1] 2015.726 1700.000    0.170
[1] 2015.7288 1703.0000    0.1703
[1] 2015.7315 1707.0000    0.1707
[1] 2015.7342 1709.0000    0.1709
[1] 2015.737 1710.000    0.171
[1] 2015.7397 1715.0000    0.1715
[1] 2015.7425 1718.0000    0.1718
[1] 2015.745 1720.000    0.172
[1] 2015.7479 1721.0000    0.1721
[1] 2015.7507 1723.0000    0.1723
[1] 2015.7534 1727.0000    0.1727
[1] 2015.7562 1728.0000    0.1728
[1] 2015.7589 1734.0000    0.1734
[1] 2015.7616 1736.0000    0.1736
[1] 2015.764 1740.000    0.174
[1] 2015.7671 1743.0000    0.1743
[1] 2015.7699 1746.0000    0.1746
[1] 2015.7726 1749.0000    0.1749
[1] 2015.7753 1752.0000    0.1752
[1] 2015.7781 1753.0000    0.1753
[1] 2015.7808 1754.0000    0.1754
[1] 2015.7836 1756.0000    0.1756
[1] 2015.7863 1757.0000    0.1757
[1] 2015.7890 1759.0000    0.1759
[1] 2015.7918 1763.0000    0.1763
[1] 2015.7945 1766.0000    0.1766
[1] 2015.7973 1773.0000    0.1773
[1] 2015.8000 1774.0000    0.1774
[1] 2015.8027 1776.0000    0.1776
[1] 2015.805 1780.000    0.178
[1] 2015.8082 1787.0000    0.1787
[1] 2015.811 1790.000    0.179
[1] 2015.8137 1796.0000    0.1796
[1] 2015.8164 1797.0000    0.1797
[1] 2015.819 1800.000    0.180
[1] 2015.8219 1803.0000    0.1803
[1] 2015.8247 1806.0000    0.1806
[1] 2015.8274 1808.0000    0.1808
[1] 2015.8301 1811.0000    0.1811
[1] 2015.8329 1814.0000    0.1814
[1] 2015.8356 1816.0000    0.1816
[1] 2015.8384 1818.0000    0.1818
[1] 2015.8411 1821.0000    0.1821
[1] 2015.8438 1826.0000    0.1826
[1] 2015.8466 1828.0000    0.1828
[1] 2015.849 1830.000    0.183
[1] 2015.8521 1832.0000    0.1832
[1] 2015.8548 1835.0000    0.1835
[1] 2015.8575 1836.0000    0.1836
[1] 2015.8603 1837.0000    0.1837
[1] 2015.8630 1843.0000    0.1843
[1] 2015.8658 1846.0000    0.1846
[1] 2015.8685 1854.0000    0.1854
[1] 2015.8712 1862.0000    0.1862
[1] 2015.8740 1866.0000    0.1866
[1] 2015.8767 1867.0000    0.1867
[1] 2015.879 1870.000    0.187
[1] 2015.8822 1874.0000    0.1874
[1] 2015.8849 1878.0000    0.1878
[1] 2015.8877 1882.0000    0.1882
[1] 2015.8904 1883.0000    0.1883
[1] 2015.8932 1884.0000    0.1884
[1] 2015.8959 1889.0000    0.1889
[1] 2015.8986 1891.0000    0.1891
[1] 2015.9014 1892.0000    0.1892
[1] 2015.9041 1895.0000    0.1895
[1] 2015.9068 1898.0000    0.1898
[1] 2015.91 1900.00    0.19
[1] 2015.9123 1904.0000    0.1904
[1] 2015.9151 1906.0000    0.1906
[1] 2015.9178 1909.0000    0.1909
[1] 2015.9205 1912.0000    0.1912
[1] 2015.9233 1914.0000    0.1914
[1] 2015.9260 1919.0000    0.1919
[1] 2015.9288 1921.0000    0.1921
[1] 2015.9315 1921.0000    0.1921
[1] 2015.9342 1931.0000    0.1931
[1] 2015.937 1940.000    0.194
[1] 2015.9397 1943.0000    0.1943
[1] 2015.9425 1944.0000    0.1944
[1] 2015.9452 1947.0000    0.1947
[1] 2015.9479 1952.0000    0.1952
[1] 2015.9507 1954.0000    0.1954
[1] 2015.9534 1956.0000    0.1956
[1] 2015.9562 1958.0000    0.1958
[1] 2015.9589 1961.0000    0.1961
[1] 2015.9616 1963.0000    0.1963
[1] 2015.9644 1968.0000    0.1968
[1] 2015.9671 1971.0000    0.1971
[1] 2015.9699 1974.0000    0.1974
[1] 2015.9726 1976.0000    0.1976
[1] 2015.9753 1978.0000    0.1978
[1] 2015.9781 1981.0000    0.1981
[1] 2015.9808 1983.0000    0.1983
[1] 2015.9836 1987.0000    0.1987
[1] 2015.9863 1989.0000    0.1989
[1] 2015.9890 1991.0000    0.1991
[1] 2015.9918 1993.0000    0.1993
[1] 2015.9945 1997.0000    0.1997
[1] 2015.9973 2002.0000    0.2002
[1] 2016.0000 2003.0000    0.2003
[1] 2016.0027 2006.0000    0.2006
[1] 2016.0055 2012.0000    0.2012
[1] 2016.0082 2015.0000    0.2015
[1] 2016.0110 2017.0000    0.2017
[1] 2016.014 2020.000    0.202
[1] 2016.0164 2025.0000    0.2025
[1] 2016.0192 2028.0000    0.2028
[1] 2016.0219 2033.0000    0.2033
[1] 2016.0247 2038.0000    0.2038
[1] 2016.0274 2041.0000    0.2041
[1] 2016.0301 2047.0000    0.2047
[1] 2016.0329 2049.0000    0.2049
[1] 2016.0356 2053.0000    0.2053
[1] 2016.0384 2056.0000    0.2056
[1] 2016.0411 2058.0000    0.2058
[1] 2016.0438 2062.0000    0.2062
[1] 2016.0466 2067.0000    0.2067
[1] 2016.0493 2072.0000    0.2072
[1] 2016.0521 2075.0000    0.2075
[1] 2016.0548 2081.0000    0.2081
[1] 2016.0575 2084.0000    0.2084
[1] 2016.0603 2087.0000    0.2087
[1] 2016.0630 2092.0000    0.2092
[1] 2016.0658 2095.0000    0.2095
[1] 2016.0685 2099.0000    0.2099
[1] 2016.0712 2101.0000    0.2101
[1] 2016.0740 2106.0000    0.2106
[1] 2016.0767 2108.0000    0.2108
[1] 2016.079 2110.000    0.211
[1] 2016.0822 2115.0000    0.2115
[1] 2016.0849 2119.0000    0.2119
[1] 2016.0877 2121.0000    0.2121
[1] 2016.0904 2126.0000    0.2126
[1] 2016.0932 2129.0000    0.2129
[1] 2016.0959 2136.0000    0.2136
[1] 2016.0986 2139.0000    0.2139
[1] 2016.1014 2149.0000    0.2149
[1] 2016.1041 2154.0000    0.2154
[1] 2016.1068 2161.0000    0.2161
[1] 2016.1096 2166.0000    0.2166
[1] 2016.1123 2167.0000    0.2167
[1] 2016.1151 2169.0000    0.2169
[1] 2016.1178 2176.0000    0.2176
[1] 2016.1205 2178.0000    0.2178
[1] 2016.1233 2181.0000    0.2181
[1] 2016.1260 2183.0000    0.2183
[1] 2016.1288 2186.0000    0.2186
[1] 2016.1315 2192.0000    0.2192
[1] 2016.1342 2192.0000    0.2192
[1] 2016.1370 2195.0000    0.2195
[1] 2016.1397 2197.0000    0.2197
[1] 2016.1425 2197.0000    0.2197
[1] 2016.145 2200.000    0.220
[1] 2016.1479 2206.0000    0.2206
[1] 2016.1507 2207.0000    0.2207
[1] 2016.1534 2208.0000    0.2208
[1] 2016.1562 2211.0000    0.2211
[1] 2016.1589 2216.0000    0.2216
[1] 2016.1616 2217.0000    0.2217
[1] 2016.1644 2225.0000    0.2225
[1] 2016.1671 2231.0000    0.2231
[1] 2016.1699 2234.0000    0.2234
[1] 2016.1726 2237.0000    0.2237
[1] 2016.1753 2243.0000    0.2243
[1] 2016.1781 2248.0000    0.2248
[1] 2016.1808 2249.0000    0.2249
[1] 2016.1836 2251.0000    0.2251
[1] 2016.1863 2255.0000    0.2255
[1] 2016.1890 2259.0000    0.2259
[1] 2016.1918 2262.0000    0.2262
[1] 2016.195 2270.000    0.227
[1] 2016.197 2280.000    0.228
[1] 2016.2000 2284.0000    0.2284
[1] 2016.2027 2293.0000    0.2293
[1] 2016.2055 2296.0000    0.2296
[1] 2016.2082 2299.0000    0.2299
[1] 2016.211 2300.000    0.230
[1] 2016.2137 2304.0000    0.2304
[1] 2016.2164 2307.0000    0.2307
[1] 2016.2192 2311.0000    0.2311
[1] 2016.2219 2314.0000    0.2314
[1] 2016.2247 2319.0000    0.2319
[1] 2016.2274 2322.0000    0.2322
[1] 2016.2301 2328.0000    0.2328
[1] 2016.2329 2332.0000    0.2332
[1] 2016.2356 2337.0000    0.2337
[1] 2016.2384 2341.0000    0.2341
[1] 2016.2411 2345.0000    0.2345
[1] 2016.2438 2351.0000    0.2351
[1] 2016.2466 2355.0000    0.2355
[1] 2016.2493 2357.0000    0.2357
[1] 2016.252 2360.000    0.236
[1] 2016.2548 2363.0000    0.2363
[1] 2016.2575 2369.0000    0.2369
[1] 2016.2603 2373.0000    0.2373
[1] 2016.2630 2379.0000    0.2379
[1] 2016.2658 2382.0000    0.2382
[1] 2016.2685 2385.0000    0.2385
[1] 2016.2712 2393.0000    0.2393
[1] 2016.2740 2398.0000    0.2398
[1] 2016.2767 2401.0000    0.2401
[1] 2016.2795 2407.0000    0.2407
[1] 2016.2822 2411.0000    0.2411
[1] 2016.2849 2413.0000    0.2413
[1] 2016.288 2420.000    0.242
[1] 2016.2904 2424.0000    0.2424
[1] 2016.2932 2427.0000    0.2427
[1] 2016.2959 2431.0000    0.2431
[1] 2016.2986 2435.0000    0.2435
[1] 2016.3014 2438.0000    0.2438
[1] 2016.3041 2441.0000    0.2441
[1] 2016.3068 2444.0000    0.2444
[1] 2016.3096 2449.0000    0.2449
[1] 2016.3123 2453.0000    0.2453
[1] 2016.3151 2459.0000    0.2459
[1] 2016.3178 2463.0000    0.2463
[1] 2016.3205 2466.0000    0.2466
[1] 2016.3233 2472.0000    0.2472
[1] 2016.3260 2474.0000    0.2474
[1] 2016.3288 2478.0000    0.2478
[1] 2016.3315 2484.0000    0.2484
[1] 2016.3342 2488.0000    0.2488
[1] 2016.3370 2489.0000    0.2489
[1] 2016.3397 2494.0000    0.2494
[1] 2016.3425 2497.0000    0.2497
[1] 2016.3452 2502.0000    0.2502
[1] 2016.3479 2506.0000    0.2506
[1] 2016.3507 2511.0000    0.2511
[1] 2016.3534 2515.0000    0.2515
[1] 2016.3562 2521.0000    0.2521
[1] 2016.3589 2528.0000    0.2528
[1] 2016.3616 2532.0000    0.2532
[1] 2016.3644 2537.0000    0.2537
[1] 2016.3671 2541.0000    0.2541
[1] 2016.3699 2548.0000    0.2548
[1] 2016.373 2550.000    0.255
[1] 2016.3753 2555.0000    0.2555
[1] 2016.3781 2556.0000    0.2556
[1] 2016.3808 2565.0000    0.2565
[1] 2016.3836 2569.0000    0.2569
[1] 2016.3863 2575.0000    0.2575
[1] 2016.3890 2579.0000    0.2579
[1] 2016.3918 2582.0000    0.2582
[1] 2016.3945 2586.0000    0.2586
[1] 2016.3973 2594.0000    0.2594
[1] 2016.40 2600.00    0.26
[1] 2016.4027 2606.0000    0.2606
[1] 2016.4055 2615.0000    0.2615
[1] 2016.4082 2617.0000    0.2617
[1] 2016.4110 2622.0000    0.2622
[1] 2016.4137 2624.0000    0.2624
[1] 2016.4164 2626.0000    0.2626
[1] 2016.419 2630.000    0.263
[1] 2016.4219 2635.0000    0.2635
[1] 2016.4247 2637.0000    0.2637
[1] 2016.4274 2638.0000    0.2638
[1] 2016.4301 2645.0000    0.2645
[1] 2016.4329 2649.0000    0.2649
[1] 2016.4356 2652.0000    0.2652
[1] 2016.4384 2657.0000    0.2657
[1] 2016.441 2660.000    0.266
[1] 2016.4438 2665.0000    0.2665
[1] 2016.4466 2667.0000    0.2667
[1] 2016.4493 2671.0000    0.2671
[1] 2016.4521 2674.0000    0.2674
[1] 2016.4548 2678.0000    0.2678
[1] 2016.4575 2681.0000    0.2681
[1] 2016.4603 2686.0000    0.2686
[1] 2016.4630 2688.0000    0.2688
[1] 2016.4658 2692.0000    0.2692
[1] 2016.4685 2694.0000    0.2694
[1] 2016.4712 2696.0000    0.2696
[1] 2016.4740 2699.0000    0.2699
[1] 2016.477 2700.000    0.270
[1] 2016.4795 2701.0000    0.2701
[1] 2016.4822 2703.0000    0.2703
[1] 2016.4849 2709.0000    0.2709
[1] 2016.4877 2715.0000    0.2715
[1] 2016.4904 2718.0000    0.2718
[1] 2016.4932 2722.0000    0.2722
[1] 2016.4959 2726.0000    0.2726
[1] 2016.4986 2727.0000    0.2727
[1] 2016.5014 2732.0000    0.2732
[1] 2016.504 2740.000    0.274
[1] 2016.5068 2745.0000    0.2745
[1] 2016.5096 2748.0000    0.2748
[1] 2016.5123 2752.0000    0.2752
[1] 2016.5151 2756.0000    0.2756
[1] 2016.5178 2759.0000    0.2759
[1] 2016.5205 2765.0000    0.2765
[1] 2016.5233 2774.0000    0.2774
[1] 2016.5260 2777.0000    0.2777
[1] 2016.5288 2782.0000    0.2782
[1] 2016.5315 2788.0000    0.2788
[1] 2016.5342 2793.0000    0.2793
[1] 2016.5370 2795.0000    0.2795
[1] 2016.5397 2803.0000    0.2803
[1] 2016.542 2810.000    0.281
[1] 2016.5452 2811.0000    0.2811
[1] 2016.5479 2819.0000    0.2819
[1] 2016.5507 2822.0000    0.2822
[1] 2016.5534 2825.0000    0.2825
[1] 2016.5562 2832.0000    0.2832
[1] 2016.5589 2838.0000    0.2838
[1] 2016.5616 2843.0000    0.2843
[1] 2016.5644 2845.0000    0.2845
[1] 2016.5671 2847.0000    0.2847
[1] 2016.5699 2853.0000    0.2853
[1] 2016.5726 2858.0000    0.2858
[1] 2016.5753 2865.0000    0.2865
[1] 2016.5781 2869.0000    0.2869
[1] 2016.5808 2869.0000    0.2869
[1] 2016.5836 2871.0000    0.2871
[1] 2016.5863 2878.0000    0.2878
[1] 2016.589 2880.000    0.288
[1] 2016.5918 2885.0000    0.2885
[1] 2016.5945 2886.0000    0.2886
[1] 2016.597 2890.000    0.289
[1] 2016.600 2890.000    0.289
[1] 2016.6027 2899.0000    0.2899
[1] 2016.6055 2899.0000    0.2899
[1] 2016.6082 2904.0000    0.2904
[1] 2016.6110 2907.0000    0.2907
[1] 2016.6137 2911.0000    0.2911
[1] 2016.6164 2918.0000    0.2918
[1] 2016.6192 2923.0000    0.2923
[1] 2016.6219 2925.0000    0.2925
[1] 2016.6247 2931.0000    0.2931
[1] 2016.6274 2935.0000    0.2935
[1] 2016.6301 2941.0000    0.2941
[1] 2016.6329 2945.0000    0.2945
[1] 2016.636 2950.000    0.295
[1] 2016.6384 2957.0000    0.2957
[1] 2016.6411 2964.0000    0.2964
[1] 2016.6438 2966.0000    0.2966
[1] 2016.647 2970.000    0.297
[1] 2016.6493 2974.0000    0.2974
[1] 2016.6521 2975.0000    0.2975
[1] 2016.6548 2977.0000    0.2977
[1] 2016.6575 2983.0000    0.2983
[1] 2016.6603 2988.0000    0.2988
[1] 2016.6630 2993.0000    0.2993
[1] 2016.6658 2997.0000    0.2997
[1] 2016.668 3000.000    0.300
[1] 2016.6712 3002.0000    0.3002
[1] 2016.6740 3006.0000    0.3006
[1] 2016.6767 3009.0000    0.3009
[1] 2016.6795 3012.0000    0.3012
[1] 2016.6822 3018.0000    0.3018
[1] 2016.6849 3024.0000    0.3024
[1] 2016.6877 3029.0000    0.3029
[1] 2016.6904 3032.0000    0.3032
[1] 2016.6932 3036.0000    0.3036
[1] 2016.6959 3036.0000    0.3036
[1] 2016.6986 3041.0000    0.3041
[1] 2016.7014 3044.0000    0.3044
[1] 2016.7041 3051.0000    0.3051
[1] 2016.7068 3053.0000    0.3053
[1] 2016.7096 3058.0000    0.3058
[1] 2016.7123 3062.0000    0.3062
[1] 2016.7151 3071.0000    0.3071
[1] 2016.7178 3075.0000    0.3075
[1] 2016.7205 3081.0000    0.3081
[1] 2016.7233 3088.0000    0.3088
[1] 2016.726 3090.000    0.309
[1] 2016.7288 3095.0000    0.3095
[1] 2016.7315 3104.0000    0.3104
[1] 2016.7342 3104.0000    0.3104
[1] 2016.7370 3109.0000    0.3109
[1] 2016.7397 3112.0000    0.3112
[1] 2016.742 3120.000    0.312
[1] 2016.7452 3125.0000    0.3125
[1] 2016.748 3130.000    0.313
[1] 2016.7507 3132.0000    0.3132
[1] 2016.7534 3135.0000    0.3135
[1] 2016.756 3140.000    0.314
[1] 2016.7589 3145.0000    0.3145
[1] 2016.762 3150.000    0.315
[1] 2016.7644 3154.0000    0.3154
[1] 2016.7671 3163.0000    0.3163
[1] 2016.7699 3167.0000    0.3167
[1] 2016.7726 3172.0000    0.3172
[1] 2016.7753 3179.0000    0.3179
[1] 2016.7781 3186.0000    0.3186
[1] 2016.781 3190.000    0.319
[1] 2016.7836 3192.0000    0.3192
[1] 2016.7863 3196.0000    0.3196
[1] 2016.789 3200.000    0.320
[1] 2016.7918 3205.0000    0.3205
[1] 2016.7945 3209.0000    0.3209
[1] 2016.7973 3216.0000    0.3216
[1] 2016.800 3220.000    0.322
[1] 2016.8027 3223.0000    0.3223
[1] 2016.805 3230.000    0.323
[1] 2016.8082 3235.0000    0.3235
[1] 2016.811 3240.000    0.324
[1] 2016.8137 3246.0000    0.3246
[1] 2016.8164 3253.0000    0.3253
[1] 2016.8192 3262.0000    0.3262
[1] 2016.8219 3266.0000    0.3266
[1] 2016.8247 3272.0000    0.3272
[1] 2016.8274 3279.0000    0.3279
[1] 2016.8301 3279.0000    0.3279
[1] 2016.8329 3286.0000    0.3286
[1] 2016.8356 3295.0000    0.3295
[1] 2016.8384 3303.0000    0.3303
[1] 2016.8411 3307.0000    0.3307
[1] 2016.8438 3315.0000    0.3315
[1] 2016.8466 3317.0000    0.3317
[1] 2016.8493 3326.0000    0.3326
[1] 2016.8521 3331.0000    0.3331
[1] 2016.8548 3336.0000    0.3336
[1] 2016.858 3340.000    0.334
[1] 2016.8603 3347.0000    0.3347
[1] 2016.8630 3353.0000    0.3353
[1] 2016.8658 3359.0000    0.3359
[1] 2016.8685 3362.0000    0.3362
[1] 2016.8712 3367.0000    0.3367
[1] 2016.8740 3374.0000    0.3374
[1] 2016.8767 3376.0000    0.3376
[1] 2016.8795 3381.0000    0.3381
[1] 2016.8822 3386.0000    0.3386
[1] 2016.8849 3387.0000    0.3387
[1] 2016.8877 3392.0000    0.3392
[1] 2016.8904 3396.0000    0.3396
[1] 2016.893 3400.000    0.340
[1] 2016.8959 3407.0000    0.3407
[1] 2016.8986 3409.0000    0.3409
[1] 2016.9014 3414.0000    0.3414
[1] 2016.9041 3419.0000    0.3419
[1] 2016.9068 3426.0000    0.3426
[1] 2016.9096 3435.0000    0.3435
[1] 2016.9123 3439.0000    0.3439
[1] 2016.9151 3446.0000    0.3446
[1] 2016.9178 3451.0000    0.3451
[1] 2016.9205 3454.0000    0.3454
[1] 2016.923 3460.000    0.346
[1] 2016.9260 3464.0000    0.3464
[1] 2016.929 3470.000    0.347
[1] 2016.9315 3479.0000    0.3479
[1] 2016.9342 3489.0000    0.3489
[1] 2016.9370 3498.0000    0.3498
[1] 2016.9397 3502.0000    0.3502
[1] 2016.9425 3507.0000    0.3507
[1] 2016.9452 3513.0000    0.3513
[1] 2016.9479 3519.0000    0.3519
[1] 2016.9507 3522.0000    0.3522
[1] 2016.9534 3526.0000    0.3526
[1] 2016.9562 3533.0000    0.3533
[1] 2016.9589 3537.0000    0.3537
[1] 2016.962 3540.000    0.354
[1] 2016.9644 3546.0000    0.3546
[1] 2016.9671 3547.0000    0.3547
[1] 2016.9699 3553.0000    0.3553
[1] 2016.9726 3559.0000    0.3559
[1] 2016.9753 3567.0000    0.3567
[1] 2016.9781 3571.0000    0.3571
[1] 2016.9808 3574.0000    0.3574
[1] 2016.9836 3576.0000    0.3576
[1] 2016.9863 3577.0000    0.3577
[1] 2016.989 3580.000    0.358
[1] 2016.9918 3584.0000    0.3584
[1] 2016.9945 3589.0000    0.3589
[1] 2016.9973 3596.0000    0.3596
[1] 2017.0000 3605.0000    0.3605
       id              sex              age             hiv        
 Min.   :  1.00   Min.   :0.0000   Min.   :17.00   Min.   :0.0000  
 1st Qu.: 25.75   1st Qu.:0.0000   1st Qu.:18.28   1st Qu.:0.0000  
 Median : 50.50   Median :1.0000   Median :19.50   Median :0.0000  
 Mean   : 50.50   Mean   :0.5026   Mean   :19.52   Mean   :0.3725  
 3rd Qu.: 75.25   3rd Qu.:1.0000   3rd Qu.:20.77   3rd Qu.:1.0000  
 Max.   :100.00   Max.   :1.0000   Max.   :22.00   Max.   :5.0000  
